Unesite pocetnu i krajnju vrijednost: +---------+----------+----------+-----------+
| Brojevi | Kvadrati | Korijeni | Logaritmi |
+---------+----------+----------+-----------+
| 95      |     9025 |    9.747 |   4.55388 |
| 96      |     9216 |    9.798 |   4.56435 |
| 97      |     9409 |    9.849 |   4.57471 |
| 98      |     9604 |    9.899 |   4.58497 |
| 99      |     9801 |    9.950 |   4.59512 |
| 100     |    10000 |   10.000 |   4.60517 |
| 101     |    10201 |   10.050 |   4.61512 |
| 102     |    10404 |   10.100 |   4.62497 |
| 103     |    10609 |   10.149 |   4.63473 |
+---------+----------+----------+-----------+
