       0.6       -0.6       0.4
  0.221053   1.67368  -0.273684
  0.652632 0.0842105  0.715789

   2.70833     -0.875  -0.166667
   -1.45833     1.625  0.166667
  -0.208333     0.375  0.666667

        35        17        18
        79        73        34
        50        32        28

         1         0         0
         0         1         0
         0         0         1

         1         0         0
         0         1         0
         0         0         1

 
         1         0         0
      0.75         1         0
     0.125  -0.346154         1

         8         7         1
         0      -3.25      2.25
         0         0   3.65385

 -0.0995037  -0.448666  0.888143
   -0.79603   -0.49965  -0.341593
  -0.597022  0.740978  0.307434

   -10.0499   -6.96526   -2.88561
         0   -2.91293  0.377287
         0         0   3.24514

   1.66759
   -2.82011
   1.80724
